(this["webpackJsonpmy-app"]=this["webpackJsonpmy-app"]||[]).push([[0],{189:function(e){e.exports=JSON.parse('{"0":[{"type":"POCA","proportionOrder":[0.05,0.1,0.4,0.7,0.6,0.35,0.85,0.25,0.9,0.65,0.15,0.75,0.2,0.55,0.5,0.95,0.8,0.3,0.45],"sizes":[[397,19,0],[449,44,0],[394,157,0],[342,239,0],[468,280,0],[446,156,0],[402,341,1],[333,83,0],[254,228,1],[487,316,0],[446,66,1],[306,229,1],[386,77,0],[354,194,1],[264,132,1],[320,304,0],[433,346,1],[449,134,0],[369,166,1]],"answerType":"text","answerName":[["POCA",0.05],["POCA",0.1],["POCA",0.4],["POCA",0.7],["POCA",0.6],["POCA",0.35],["POCA",0.85],["POCA",0.25],["POCA",0.9],["POCA",0.65],["POCA",0.15],["POCA",0.75],["POCA",0.2],["POCA",0.55],["POCA",0.5],["POCA",0.95],["POCA",0.8],["POCA",0.3],["POCA",0.45]],"Question":"The one marked with a 100 is 100 blocks high. How high is the one marked with a ?. Type your answer below.","Domain":[0,500]},{"type":"POUA","proportionOrder":[0.8,0.45,0.5,0.3,0.2,0.95,0.15,0.55,0.9,0.75,0.85,0.65,0.6,0.25,0.4,0.35,0.05,0.7,0.1],"sizes":[[215,172,0],[215,96,0],[258,129,1],[182,54,1],[242,48,1],[216,205,1],[186,27,1],[192,105,1],[181,162,1],[264,198,1],[243,206,1],[253,164,1],[223,133,0],[237,59,1],[260,104,0],[204,71,1],[204,10,1],[250,175,0],[260,26,0]],"answerType":"text","answerName":[["POUA",0.8],["POUA",0.45],["POUA",0.5],["POUA",0.3],["POUA",0.2],["POUA",0.95],["POUA",0.15],["POUA",0.55],["POUA",0.9],["POUA",0.75],["POUA",0.85],["POUA",0.65],["POUA",0.6],["POUA",0.25],["POUA",0.4],["POUA",0.35],["POUA",0.05],["POUA",0.7],["POUA",0.1]],"Question":"The one marked with a 100 is 100 blocks high. How high is the one marked with a ?. Type your answer below.","Domain":[0,300]},{"type":"Length","proportionOrder":[0.7,0.35,0.1,0.25,0.05,0.65,0.4,0.75,0.6,0.55,0.85,0.95,0.9,0.3,0.15,0.45,0.2,0.8,0.5],"sizes":[[482,337,0,10,28],[287,100,0,101,64],[251,25,1,150,315],[432,108,0,21,143],[339,16,1,117,410],[389,252,0,54,242],[340,136,0,127,214],[391,293,0,72,181],[473,283,1,14,169],[407,223,1,35,66],[448,380,0,43,61],[265,251,1,44,153],[425,382,0,38,107],[475,142,1,18,240],[336,50,0,163,427],[476,214,0,20,186],[372,74,0,89,322],[446,356,1,31,121],[316,158,1,117,39]],"answerType":"text","answerName":[["Length",0.7],["Length",0.35],["Length",0.1],["Length",0.25],["Length",0.05],["Length",0.65],["Length",0.4],["Length",0.75],["Length",0.6],["Length",0.55],["Length",0.85],["Length",0.95],["Length",0.9],["Length",0.3],["Length",0.15],["Length",0.45],["Length",0.2],["Length",0.8],["Length",0.5]],"Question":"The one marked with a 100 is 100 blocks long. How long is the one marked with a ?. Type your answer below.","Domain":[0,500]},{"type":"Angle","proportionOrder":[0.2,0.5,0.15,0.8,0.9,0.45,0.85,0.3,0.6,0.95,0.4,0.55,0.05,0.75,0.1,0.65,0.7,0.25,0.35],"sizes":[[93,18,0,193,123],[99,49,1,332,0],[109,16,0,345,202],[103,82,0,30,4],[92,82,1,133,104],[98,44,1,348,149],[111,94,1,303,142],[95,28,0,235,152],[130,78,0,339,99],[129,122,1,279,6],[144,57,0,147,19],[124,68,1,199,80],[114,5,0,23,168],[98,73,0,139,177],[87,8,0,169,88],[73,47,1,254,175],[75,52,1,303,217],[118,29,0,97,239],[146,51,1,282,356]],"answerType":"text","answerName":[["Angle",0.2],["Angle",0.5],["Angle",0.15],["Angle",0.8],["Angle",0.9],["Angle",0.45],["Angle",0.85],["Angle",0.3],["Angle",0.6],["Angle",0.95],["Angle",0.4],["Angle",0.55],["Angle",0.05],["Angle",0.75],["Angle",0.1],["Angle",0.65],["Angle",0.7],["Angle",0.25],["Angle",0.35]],"Question":"The one marked with a 100 is 100 blocks wide. How wide is the one marked with a ?. Type your answer below.","Domain":[0,150]},{"type":"Area","proportionOrder":[0.25,0.65,0.35,0.75,0.7,0.55,0.1,0.95,0.05,0.3,0.4,0.45,0.6,0.8,0.85,0.5,0.9,0.2,0.15],"sizes":[[105,52.5,0],[111,89.49106100611391,0],[130,76.909037180295,0],[131,113.44932789576146,1],[116,97.05256307795275,1],[131,97.15220018095319,0],[122,38.57978745405423,1],[113,110.13877609634129,1],[127,28.398063314247327,1],[121,66.2744294581251,1],[110,69.57010852370435,1],[115,77.14434522374275,1],[126,97.59918032442691,1],[105,93.91485505499116,1],[119,109.71257904178538,1],[130,91.92388155425118,0],[103,97.71437969920292,0],[114,50.98234988699521,0],[122,47.25039682373048,0]],"answerType":"text","answerName":[["Area",0.25],["Area",0.65],["Area",0.35],["Area",0.75],["Area",0.7],["Area",0.55],["Area",0.1],["Area",0.95],["Area",0.05],["Area",0.3],["Area",0.4],["Area",0.45],["Area",0.6],["Area",0.8],["Area",0.85],["Area",0.5],["Area",0.9],["Area",0.2],["Area",0.15]],"Question":"The one marked with a 100 is 100 blocks big. How big is the one marked with a ?. Type your answer below.","Domain":[0,132]}],"1":[{"type":"Length","proportionOrder":[0.9,0.15,0.85,0.2,0.6,0.5,0.4,0.8,0.05,0.45,0.1,0.3,0.7,0.95,0.35,0.55,0.25,0.75,0.65],"sizes":[[425,382,0,38,107],[336,50,0,163,427],[448,380,0,43,61],[372,74,0,89,322],[473,283,1,14,169],[316,158,1,117,39],[340,136,0,127,214],[446,356,1,31,121],[339,16,1,117,410],[476,214,0,20,186],[251,25,1,150,315],[475,142,1,18,240],[482,337,0,10,28],[265,251,1,44,153],[287,100,0,101,64],[407,223,1,35,66],[432,108,0,21,143],[391,293,0,72,181],[389,252,0,54,242]],"answerType":"text","answerName":[["Length",0.9],["Length",0.15],["Length",0.85],["Length",0.2],["Length",0.6],["Length",0.5],["Length",0.4],["Length",0.8],["Length",0.05],["Length",0.45],["Length",0.1],["Length",0.3],["Length",0.7],["Length",0.95],["Length",0.35],["Length",0.55],["Length",0.25],["Length",0.75],["Length",0.65]],"Question":"The one marked with a 100 is 100 blocks long. How long is the one marked with a ?. Type your answer below.","Domain":[0,500]},{"type":"Area","proportionOrder":[0.75,0.55,0.65,0.95,0.25,0.3,0.35,0.45,0.7,0.8,0.1,0.5,0.05,0.2,0.4,0.15,0.6,0.9,0.85],"sizes":[[131,113.44932789576146,1],[131,97.15220018095319,0],[111,89.49106100611391,0],[113,110.13877609634129,1],[105,52.5,0],[121,66.2744294581251,1],[130,76.909037180295,0],[115,77.14434522374275,1],[116,97.05256307795275,1],[105,93.91485505499116,1],[122,38.57978745405423,1],[130,91.92388155425118,0],[127,28.398063314247327,1],[114,50.98234988699521,0],[110,69.57010852370435,1],[122,47.25039682373048,0],[126,97.59918032442691,1],[103,97.71437969920292,0],[119,109.71257904178538,1]],"answerType":"text","answerName":[["Area",0.75],["Area",0.55],["Area",0.65],["Area",0.95],["Area",0.25],["Area",0.3],["Area",0.35],["Area",0.45],["Area",0.7],["Area",0.8],["Area",0.1],["Area",0.5],["Area",0.05],["Area",0.2],["Area",0.4],["Area",0.15],["Area",0.6],["Area",0.9],["Area",0.85]],"Question":"The one marked with a 100 is 100 blocks big. How big is the one marked with a ?. Type your answer below.","Domain":[0,132]},{"type":"POCA","proportionOrder":[0.6,0.85,0.4,0.9,0.05,0.15,0.1,0.2,0.7,0.5,0.35,0.8,0.25,0.45,0.65,0.3,0.75,0.95,0.55],"sizes":[[468,280,0],[402,341,1],[394,157,0],[254,228,1],[397,19,0],[446,66,1],[449,44,0],[386,77,0],[342,239,0],[264,132,1],[446,156,0],[433,346,1],[333,83,0],[369,166,1],[487,316,0],[449,134,0],[306,229,1],[320,304,0],[354,194,1]],"answerType":"text","answerName":[["POCA",0.6],["POCA",0.85],["POCA",0.4],["POCA",0.9],["POCA",0.05],["POCA",0.15],["POCA",0.1],["POCA",0.2],["POCA",0.7],["POCA",0.5],["POCA",0.35],["POCA",0.8],["POCA",0.25],["POCA",0.45],["POCA",0.65],["POCA",0.3],["POCA",0.75],["POCA",0.95],["POCA",0.55]],"Question":"The one marked with a 100 is 100 blocks high. How high is the one marked with a ?. Type your answer below.","Domain":[0,500]},{"type":"Angle","proportionOrder":[0.95,0.3,0.55,0.45,0.75,0.8,0.65,0.5,0.25,0.2,0.35,0.15,0.7,0.9,0.1,0.85,0.05,0.6,0.4],"sizes":[[129,122,1,279,6],[95,28,0,235,152],[124,68,1,199,80],[98,44,1,348,149],[98,73,0,139,177],[103,82,0,30,4],[73,47,1,254,175],[99,49,1,332,0],[118,29,0,97,239],[93,18,0,193,123],[146,51,1,282,356],[109,16,0,345,202],[75,52,1,303,217],[92,82,1,133,104],[87,8,0,169,88],[111,94,1,303,142],[114,5,0,23,168],[130,78,0,339,99],[144,57,0,147,19]],"answerType":"text","answerName":[["Angle",0.95],["Angle",0.3],["Angle",0.55],["Angle",0.45],["Angle",0.75],["Angle",0.8],["Angle",0.65],["Angle",0.5],["Angle",0.25],["Angle",0.2],["Angle",0.35],["Angle",0.15],["Angle",0.7],["Angle",0.9],["Angle",0.1],["Angle",0.85],["Angle",0.05],["Angle",0.6],["Angle",0.4]],"Question":"The one marked with a 100 is 100 blocks wide. How wide is the one marked with a ?. Type your answer below.","Domain":[0,150]},{"type":"POUA","proportionOrder":[0.05,0.4,0.1,0.6,0.7,0.85,0.35,0.9,0.25,0.15,0.65,0.2,0.75,0.5,0.55,0.8,0.95,0.45,0.3],"sizes":[[204,10,1],[260,104,0],[260,26,0],[223,133,0],[250,175,0],[243,206,1],[204,71,1],[181,162,1],[237,59,1],[186,27,1],[253,164,1],[242,48,1],[264,198,1],[258,129,1],[192,105,1],[215,172,0],[216,205,1],[215,96,0],[182,54,1]],"answerType":"text","answerName":[["POUA",0.05],["POUA",0.4],["POUA",0.1],["POUA",0.6],["POUA",0.7],["POUA",0.85],["POUA",0.35],["POUA",0.9],["POUA",0.25],["POUA",0.15],["POUA",0.65],["POUA",0.2],["POUA",0.75],["POUA",0.5],["POUA",0.55],["POUA",0.8],["POUA",0.95],["POUA",0.45],["POUA",0.3]],"Question":"The one marked with a 100 is 100 blocks high. How high is the one marked with a ?. Type your answer below.","Domain":[0,300]}],"2":[{"type":"Angle","proportionOrder":[0.45,0.8,0.3,0.5,0.95,0.2,0.55,0.15,0.75,0.9,0.65,0.85,0.25,0.6,0.35,0.4,0.7,0.05,0.1],"sizes":[[98,44,1,348,149],[103,82,0,30,4],[95,28,0,235,152],[99,49,1,332,0],[129,122,1,279,6],[93,18,0,193,123],[124,68,1,199,80],[109,16,0,345,202],[98,73,0,139,177],[92,82,1,133,104],[73,47,1,254,175],[111,94,1,303,142],[118,29,0,97,239],[130,78,0,339,99],[146,51,1,282,356],[144,57,0,147,19],[75,52,1,303,217],[114,5,0,23,168],[87,8,0,169,88]],"answerType":"text","answerName":[["Angle",0.45],["Angle",0.8],["Angle",0.3],["Angle",0.5],["Angle",0.95],["Angle",0.2],["Angle",0.55],["Angle",0.15],["Angle",0.75],["Angle",0.9],["Angle",0.65],["Angle",0.85],["Angle",0.25],["Angle",0.6],["Angle",0.35],["Angle",0.4],["Angle",0.7],["Angle",0.05],["Angle",0.1]],"Question":"The one marked with a 100 is 100 blocks wide. How wide is the one marked with a ?. Type your answer below.","Domain":[0,150]},{"type":"Area","proportionOrder":[0.7,0.1,0.35,0.05,0.25,0.4,0.65,0.6,0.75,0.85,0.55,0.9,0.95,0.15,0.3,0.2,0.45,0.5,0.8],"sizes":[[116,97.05256307795275,1],[122,38.57978745405423,1],[130,76.909037180295,0],[127,28.398063314247327,1],[105,52.5,0],[110,69.57010852370435,1],[111,89.49106100611391,0],[126,97.59918032442691,1],[131,113.44932789576146,1],[119,109.71257904178538,1],[131,97.15220018095319,0],[103,97.71437969920292,0],[113,110.13877609634129,1],[122,47.25039682373048,0],[121,66.2744294581251,1],[114,50.98234988699521,0],[115,77.14434522374275,1],[130,91.92388155425118,0],[105,93.91485505499116,1]],"answerType":"text","answerName":[["Area",0.7],["Area",0.1],["Area",0.35],["Area",0.05],["Area",0.25],["Area",0.4],["Area",0.65],["Area",0.6],["Area",0.75],["Area",0.85],["Area",0.55],["Area",0.9],["Area",0.95],["Area",0.15],["Area",0.3],["Area",0.2],["Area",0.45],["Area",0.5],["Area",0.8]],"Question":"The one marked with a 100 is 100 blocks big. How big is the one marked with a ?. Type your answer below.","Domain":[0,132]},{"type":"POUA","proportionOrder":[0.5,0.2,0.8,0.15,0.45,0.9,0.3,0.85,0.95,0.6,0.55,0.4,0.75,0.05,0.65,0.1,0.25,0.7,0.35],"sizes":[[258,129,1],[242,48,1],[215,172,0],[186,27,1],[215,96,0],[181,162,1],[182,54,1],[243,206,1],[216,205,1],[223,133,0],[192,105,1],[260,104,0],[264,198,1],[204,10,1],[253,164,1],[260,26,0],[237,59,1],[250,175,0],[204,71,1]],"answerType":"text","answerName":[["POUA",0.5],["POUA",0.2],["POUA",0.8],["POUA",0.15],["POUA",0.45],["POUA",0.9],["POUA",0.3],["POUA",0.85],["POUA",0.95],["POUA",0.6],["POUA",0.55],["POUA",0.4],["POUA",0.75],["POUA",0.05],["POUA",0.65],["POUA",0.1],["POUA",0.25],["POUA",0.7],["POUA",0.35]],"Question":"The one marked with a 100 is 100 blocks high. How high is the one marked with a ?. Type your answer below.","Domain":[0,300]},{"type":"Length","proportionOrder":[0.25,0.35,0.65,0.7,0.75,0.1,0.55,0.05,0.95,0.4,0.3,0.6,0.45,0.85,0.8,0.9,0.5,0.15,0.2],"sizes":[[432,108,0,21,143],[287,100,0,101,64],[389,252,0,54,242],[482,337,0,10,28],[391,293,0,72,181],[251,25,1,150,315],[407,223,1,35,66],[339,16,1,117,410],[265,251,1,44,153],[340,136,0,127,214],[475,142,1,18,240],[473,283,1,14,169],[476,214,0,20,186],[448,380,0,43,61],[446,356,1,31,121],[425,382,0,38,107],[316,158,1,117,39],[336,50,0,163,427],[372,74,0,89,322]],"answerType":"text","answerName":[["Length",0.25],["Length",0.35],["Length",0.65],["Length",0.7],["Length",0.75],["Length",0.1],["Length",0.55],["Length",0.05],["Length",0.95],["Length",0.4],["Length",0.3],["Length",0.6],["Length",0.45],["Length",0.85],["Length",0.8],["Length",0.9],["Length",0.5],["Length",0.15],["Length",0.2]],"Question":"The one marked with a 100 is 100 blocks long. How long is the one marked with a ?. Type your answer below.","Domain":[0,500]},{"type":"POCA","proportionOrder":[0.15,0.9,0.2,0.85,0.5,0.6,0.8,0.4,0.45,0.05,0.3,0.1,0.95,0.7,0.55,0.35,0.75,0.25,0.65],"sizes":[[446,66,1],[254,228,1],[386,77,0],[402,341,1],[264,132,1],[468,280,0],[433,346,1],[394,157,0],[369,166,1],[397,19,0],[449,134,0],[449,44,0],[320,304,0],[342,239,0],[354,194,1],[446,156,0],[306,229,1],[333,83,0],[487,316,0]],"answerType":"text","answerName":[["POCA",0.15],["POCA",0.9],["POCA",0.2],["POCA",0.85],["POCA",0.5],["POCA",0.6],["POCA",0.8],["POCA",0.4],["POCA",0.45],["POCA",0.05],["POCA",0.3],["POCA",0.1],["POCA",0.95],["POCA",0.7],["POCA",0.55],["POCA",0.35],["POCA",0.75],["POCA",0.25],["POCA",0.65]],"Question":"The one marked with a 100 is 100 blocks high. How high is the one marked with a ?. Type your answer below.","Domain":[0,500]}],"3":[{"type":"POUA","proportionOrder":[0.75,0.65,0.55,0.25,0.95,0.35,0.3,0.7,0.45,0.1,0.8,0.05,0.5,0.4,0.2,0.6,0.15,0.85,0.9],"sizes":[[264,198,1],[253,164,1],[192,105,1],[237,59,1],[216,205,1],[204,71,1],[182,54,1],[250,175,0],[215,96,0],[260,26,0],[215,172,0],[204,10,1],[258,129,1],[260,104,0],[242,48,1],[223,133,0],[186,27,1],[243,206,1],[181,162,1]],"answerType":"text","answerName":[["POUA",0.75],["POUA",0.65],["POUA",0.55],["POUA",0.25],["POUA",0.95],["POUA",0.35],["POUA",0.3],["POUA",0.7],["POUA",0.45],["POUA",0.1],["POUA",0.8],["POUA",0.05],["POUA",0.5],["POUA",0.4],["POUA",0.2],["POUA",0.6],["POUA",0.15],["POUA",0.85],["POUA",0.9]],"Question":"The one marked with a 100 is 100 blocks high. How high is the one marked with a ?. Type your answer below.","Domain":[0,300]},{"type":"POCA","proportionOrder":[0.85,0.6,0.9,0.4,0.15,0.05,0.2,0.1,0.5,0.7,0.8,0.35,0.45,0.25,0.3,0.65,0.95,0.75,0.55],"sizes":[[402,341,1],[468,280,0],[254,228,1],[394,157,0],[446,66,1],[397,19,0],[386,77,0],[449,44,0],[264,132,1],[342,239,0],[433,346,1],[446,156,0],[369,166,1],[333,83,0],[449,134,0],[487,316,0],[320,304,0],[306,229,1],[354,194,1]],"answerType":"text","answerName":[["POCA",0.85],["POCA",0.6],["POCA",0.9],["POCA",0.4],["POCA",0.15],["POCA",0.05],["POCA",0.2],["POCA",0.1],["POCA",0.5],["POCA",0.7],["POCA",0.8],["POCA",0.35],["POCA",0.45],["POCA",0.25],["POCA",0.3],["POCA",0.65],["POCA",0.95],["POCA",0.75],["POCA",0.55]],"Question":"The one marked with a 100 is 100 blocks high. How high is the one marked with a ?. Type your answer below.","Domain":[0,500]},{"type":"Angle","proportionOrder":[0.95,0.55,0.3,0.75,0.45,0.65,0.8,0.25,0.5,0.35,0.2,0.7,0.15,0.1,0.9,0.05,0.85,0.4,0.6],"sizes":[[129,122,1,279,6],[124,68,1,199,80],[95,28,0,235,152],[98,73,0,139,177],[98,44,1,348,149],[73,47,1,254,175],[103,82,0,30,4],[118,29,0,97,239],[99,49,1,332,0],[146,51,1,282,356],[93,18,0,193,123],[75,52,1,303,217],[109,16,0,345,202],[87,8,0,169,88],[92,82,1,133,104],[114,5,0,23,168],[111,94,1,303,142],[144,57,0,147,19],[130,78,0,339,99]],"answerType":"text","answerName":[["Angle",0.95],["Angle",0.55],["Angle",0.3],["Angle",0.75],["Angle",0.45],["Angle",0.65],["Angle",0.8],["Angle",0.25],["Angle",0.5],["Angle",0.35],["Angle",0.2],["Angle",0.7],["Angle",0.15],["Angle",0.1],["Angle",0.9],["Angle",0.05],["Angle",0.85],["Angle",0.4],["Angle",0.6]],"Question":"The one marked with a 100 is 100 blocks wide. How wide is the one marked with a ?. Type your answer below.","Domain":[0,150]},{"type":"Length","proportionOrder":[0.4,0.05,0.6,0.1,0.85,0.7,0.9,0.35,0.15,0.25,0.2,0.65,0.5,0.75,0.8,0.55,0.45,0.95,0.3],"sizes":[[340,136,0,127,214],[339,16,1,117,410],[473,283,1,14,169],[251,25,1,150,315],[448,380,0,43,61],[482,337,0,10,28],[425,382,0,38,107],[287,100,0,101,64],[336,50,0,163,427],[432,108,0,21,143],[372,74,0,89,322],[389,252,0,54,242],[316,158,1,117,39],[391,293,0,72,181],[446,356,1,31,121],[407,223,1,35,66],[476,214,0,20,186],[265,251,1,44,153],[475,142,1,18,240]],"answerType":"text","answerName":[["Length",0.4],["Length",0.05],["Length",0.6],["Length",0.1],["Length",0.85],["Length",0.7],["Length",0.9],["Length",0.35],["Length",0.15],["Length",0.25],["Length",0.2],["Length",0.65],["Length",0.5],["Length",0.75],["Length",0.8],["Length",0.55],["Length",0.45],["Length",0.95],["Length",0.3]],"Question":"The one marked with a 100 is 100 blocks long. How long is the one marked with a ?. Type your answer below.","Domain":[0,500]},{"type":"Area","proportionOrder":[0.45,0.3,0.8,0.95,0.5,0.55,0.2,0.75,0.15,0.65,0.9,0.25,0.85,0.35,0.6,0.7,0.4,0.1,0.05],"sizes":[[115,77.14434522374275,1],[121,66.2744294581251,1],[105,93.91485505499116,1],[113,110.13877609634129,1],[130,91.92388155425118,0],[131,97.15220018095319,0],[114,50.98234988699521,0],[131,113.44932789576146,1],[122,47.25039682373048,0],[111,89.49106100611391,0],[103,97.71437969920292,0],[105,52.5,0],[119,109.71257904178538,1],[130,76.909037180295,0],[126,97.59918032442691,1],[116,97.05256307795275,1],[110,69.57010852370435,1],[122,38.57978745405423,1],[127,28.398063314247327,1]],"answerType":"text","answerName":[["Area",0.45],["Area",0.3],["Area",0.8],["Area",0.95],["Area",0.5],["Area",0.55],["Area",0.2],["Area",0.75],["Area",0.15],["Area",0.65],["Area",0.9],["Area",0.25],["Area",0.85],["Area",0.35],["Area",0.6],["Area",0.7],["Area",0.4],["Area",0.1],["Area",0.05]],"Question":"The one marked with a 100 is 100 blocks big. How big is the one marked with a ?. Type your answer below.","Domain":[0,132]}],"4":[{"type":"Length","proportionOrder":[0.1,0.7,0.05,0.35,0.4,0.25,0.6,0.65,0.85,0.75,0.9,0.55,0.15,0.95,0.2,0.3,0.5,0.45,0.8],"sizes":[[251,25,1,150,315],[482,337,0,10,28],[339,16,1,117,410],[287,100,0,101,64],[340,136,0,127,214],[432,108,0,21,143],[473,283,1,14,169],[389,252,0,54,242],[448,380,0,43,61],[391,293,0,72,181],[425,382,0,38,107],[407,223,1,35,66],[336,50,0,163,427],[265,251,1,44,153],[372,74,0,89,322],[475,142,1,18,240],[316,158,1,117,39],[476,214,0,20,186],[446,356,1,31,121]],"answerType":"text","answerName":[["Length",0.1],["Length",0.7],["Length",0.05],["Length",0.35],["Length",0.4],["Length",0.25],["Length",0.6],["Length",0.65],["Length",0.85],["Length",0.75],["Length",0.9],["Length",0.55],["Length",0.15],["Length",0.95],["Length",0.2],["Length",0.3],["Length",0.5],["Length",0.45],["Length",0.8]],"Question":"The one marked with a 100 is 100 blocks long. How long is the one marked with a ?. Type your answer below.","Domain":[0,500]},{"type":"POCA","proportionOrder":[0.5,0.8,0.2,0.45,0.15,0.3,0.9,0.95,0.85,0.55,0.6,0.75,0.4,0.65,0.05,0.25,0.1,0.35,0.7],"sizes":[[264,132,1],[433,346,1],[386,77,0],[369,166,1],[446,66,1],[449,134,0],[254,228,1],[320,304,0],[402,341,1],[354,194,1],[468,280,0],[306,229,1],[394,157,0],[487,316,0],[397,19,0],[333,83,0],[449,44,0],[446,156,0],[342,239,0]],"answerType":"text","answerName":[["POCA",0.5],["POCA",0.8],["POCA",0.2],["POCA",0.45],["POCA",0.15],["POCA",0.3],["POCA",0.9],["POCA",0.95],["POCA",0.85],["POCA",0.55],["POCA",0.6],["POCA",0.75],["POCA",0.4],["POCA",0.65],["POCA",0.05],["POCA",0.25],["POCA",0.1],["POCA",0.35],["POCA",0.7]],"Question":"The one marked with a 100 is 100 blocks high. How high is the one marked with a ?. Type your answer below.","Domain":[0,500]},{"type":"Area","proportionOrder":[0.35,0.25,0.7,0.65,0.1,0.75,0.05,0.55,0.4,0.95,0.6,0.3,0.85,0.45,0.9,0.8,0.15,0.5,0.2],"sizes":[[130,76.909037180295,0],[105,52.5,0],[116,97.05256307795275,1],[111,89.49106100611391,0],[122,38.57978745405423,1],[131,113.44932789576146,1],[127,28.398063314247327,1],[131,97.15220018095319,0],[110,69.57010852370435,1],[113,110.13877609634129,1],[126,97.59918032442691,1],[121,66.2744294581251,1],[119,109.71257904178538,1],[115,77.14434522374275,1],[103,97.71437969920292,0],[105,93.91485505499116,1],[122,47.25039682373048,0],[130,91.92388155425118,0],[114,50.98234988699521,0]],"answerType":"text","answerName":[["Area",0.35],["Area",0.25],["Area",0.7],["Area",0.65],["Area",0.1],["Area",0.75],["Area",0.05],["Area",0.55],["Area",0.4],["Area",0.95],["Area",0.6],["Area",0.3],["Area",0.85],["Area",0.45],["Area",0.9],["Area",0.8],["Area",0.15],["Area",0.5],["Area",0.2]],"Question":"The one marked with a 100 is 100 blocks big. How big is the one marked with a ?. Type your answer below.","Domain":[0,132]},{"type":"POUA","proportionOrder":[0.15,0.2,0.9,0.5,0.85,0.8,0.6,0.45,0.4,0.3,0.05,0.95,0.1,0.55,0.7,0.75,0.35,0.65,0.25],"sizes":[[186,27,1],[242,48,1],[181,162,1],[258,129,1],[243,206,1],[215,172,0],[223,133,0],[215,96,0],[260,104,0],[182,54,1],[204,10,1],[216,205,1],[260,26,0],[192,105,1],[250,175,0],[264,198,1],[204,71,1],[253,164,1],[237,59,1]],"answerType":"text","answerName":[["POUA",0.15],["POUA",0.2],["POUA",0.9],["POUA",0.5],["POUA",0.85],["POUA",0.8],["POUA",0.6],["POUA",0.45],["POUA",0.4],["POUA",0.3],["POUA",0.05],["POUA",0.95],["POUA",0.1],["POUA",0.55],["POUA",0.7],["POUA",0.75],["POUA",0.35],["POUA",0.65],["POUA",0.25]],"Question":"The one marked with a 100 is 100 blocks high. How high is the one marked with a ?. Type your answer below.","Domain":[0,300]},{"type":"Angle","proportionOrder":[0.65,0.75,0.25,0.55,0.35,0.95,0.7,0.3,0.1,0.45,0.05,0.8,0.4,0.5,0.6,0.2,0.85,0.15,0.9],"sizes":[[73,47,1,254,175],[98,73,0,139,177],[118,29,0,97,239],[124,68,1,199,80],[146,51,1,282,356],[129,122,1,279,6],[75,52,1,303,217],[95,28,0,235,152],[87,8,0,169,88],[98,44,1,348,149],[114,5,0,23,168],[103,82,0,30,4],[144,57,0,147,19],[99,49,1,332,0],[130,78,0,339,99],[93,18,0,193,123],[111,94,1,303,142],[109,16,0,345,202],[92,82,1,133,104]],"answerType":"text","answerName":[["Angle",0.65],["Angle",0.75],["Angle",0.25],["Angle",0.55],["Angle",0.35],["Angle",0.95],["Angle",0.7],["Angle",0.3],["Angle",0.1],["Angle",0.45],["Angle",0.05],["Angle",0.8],["Angle",0.4],["Angle",0.5],["Angle",0.6],["Angle",0.2],["Angle",0.85],["Angle",0.15],["Angle",0.9]],"Question":"The one marked with a 100 is 100 blocks wide. How wide is the one marked with a ?. Type your answer below.","Domain":[0,150]}],"5":[{"type":"Area","proportionOrder":[0.85,0.9,0.6,0.15,0.4,0.2,0.05,0.5,0.1,0.8,0.7,0.45,0.35,0.3,0.25,0.95,0.65,0.55,0.75],"sizes":[[119,109.71257904178538,1],[103,97.71437969920292,0],[126,97.59918032442691,1],[122,47.25039682373048,0],[110,69.57010852370435,1],[114,50.98234988699521,0],[127,28.398063314247327,1],[130,91.92388155425118,0],[122,38.57978745405423,1],[105,93.91485505499116,1],[116,97.05256307795275,1],[115,77.14434522374275,1],[130,76.909037180295,0],[121,66.2744294581251,1],[105,52.5,0],[113,110.13877609634129,1],[111,89.49106100611391,0],[131,97.15220018095319,0],[131,113.44932789576146,1]],"answerType":"text","answerName":[["Area",0.85],["Area",0.9],["Area",0.6],["Area",0.15],["Area",0.4],["Area",0.2],["Area",0.05],["Area",0.5],["Area",0.1],["Area",0.8],["Area",0.7],["Area",0.45],["Area",0.35],["Area",0.3],["Area",0.25],["Area",0.95],["Area",0.65],["Area",0.55],["Area",0.75]],"Question":"The one marked with a 100 is 100 blocks big. How big is the one marked with a ?. Type your answer below.","Domain":[0,132]},{"type":"Angle","proportionOrder":[0.55,0.95,0.75,0.3,0.65,0.45,0.25,0.8,0.35,0.5,0.7,0.2,0.1,0.15,0.05,0.9,0.4,0.85,0.6],"sizes":[[124,68,1,199,80],[129,122,1,279,6],[98,73,0,139,177],[95,28,0,235,152],[73,47,1,254,175],[98,44,1,348,149],[118,29,0,97,239],[103,82,0,30,4],[146,51,1,282,356],[99,49,1,332,0],[75,52,1,303,217],[93,18,0,193,123],[87,8,0,169,88],[109,16,0,345,202],[114,5,0,23,168],[92,82,1,133,104],[144,57,0,147,19],[111,94,1,303,142],[130,78,0,339,99]],"answerType":"text","answerName":[["Angle",0.55],["Angle",0.95],["Angle",0.75],["Angle",0.3],["Angle",0.65],["Angle",0.45],["Angle",0.25],["Angle",0.8],["Angle",0.35],["Angle",0.5],["Angle",0.7],["Angle",0.2],["Angle",0.1],["Angle",0.15],["Angle",0.05],["Angle",0.9],["Angle",0.4],["Angle",0.85],["Angle",0.6]],"Question":"The one marked with a 100 is 100 blocks wide. How wide is the one marked with a ?. Type your answer below.","Domain":[0,150]},{"type":"Length","proportionOrder":[0.4,0.6,0.05,0.85,0.1,0.9,0.7,0.15,0.35,0.2,0.25,0.5,0.65,0.8,0.75,0.45,0.55,0.3,0.95],"sizes":[[340,136,0,127,214],[473,283,1,14,169],[339,16,1,117,410],[448,380,0,43,61],[251,25,1,150,315],[425,382,0,38,107],[482,337,0,10,28],[336,50,0,163,427],[287,100,0,101,64],[372,74,0,89,322],[432,108,0,21,143],[316,158,1,117,39],[389,252,0,54,242],[446,356,1,31,121],[391,293,0,72,181],[476,214,0,20,186],[407,223,1,35,66],[475,142,1,18,240],[265,251,1,44,153]],"answerType":"text","answerName":[["Length",0.4],["Length",0.6],["Length",0.05],["Length",0.85],["Length",0.1],["Length",0.9],["Length",0.7],["Length",0.15],["Length",0.35],["Length",0.2],["Length",0.25],["Length",0.5],["Length",0.65],["Length",0.8],["Length",0.75],["Length",0.45],["Length",0.55],["Length",0.3],["Length",0.95]],"Question":"The one marked with a 100 is 100 blocks long. How long is the one marked with a ?. Type your answer below.","Domain":[0,500]},{"type":"POUA","proportionOrder":[0.3,0.45,0.95,0.8,0.55,0.5,0.75,0.2,0.65,0.15,0.25,0.9,0.35,0.85,0.7,0.6,0.1,0.4,0.05],"sizes":[[182,54,1],[215,96,0],[216,205,1],[215,172,0],[192,105,1],[258,129,1],[264,198,1],[242,48,1],[253,164,1],[186,27,1],[237,59,1],[181,162,1],[204,71,1],[243,206,1],[250,175,0],[223,133,0],[260,26,0],[260,104,0],[204,10,1]],"answerType":"text","answerName":[["POUA",0.3],["POUA",0.45],["POUA",0.95],["POUA",0.8],["POUA",0.55],["POUA",0.5],["POUA",0.75],["POUA",0.2],["POUA",0.65],["POUA",0.15],["POUA",0.25],["POUA",0.9],["POUA",0.35],["POUA",0.85],["POUA",0.7],["POUA",0.6],["POUA",0.1],["POUA",0.4],["POUA",0.05]],"Question":"The one marked with a 100 is 100 blocks high. How high is the one marked with a ?. Type your answer below.","Domain":[0,300]},{"type":"POCA","proportionOrder":[0.1,0.05,0.7,0.4,0.35,0.6,0.25,0.85,0.65,0.9,0.75,0.15,0.55,0.2,0.95,0.5,0.3,0.8,0.45],"sizes":[[449,44,0],[397,19,0],[342,239,0],[394,157,0],[446,156,0],[468,280,0],[333,83,0],[402,341,1],[487,316,0],[254,228,1],[306,229,1],[446,66,1],[354,194,1],[386,77,0],[320,304,0],[264,132,1],[449,134,0],[433,346,1],[369,166,1]],"answerType":"text","answerName":[["POCA",0.1],["POCA",0.05],["POCA",0.7],["POCA",0.4],["POCA",0.35],["POCA",0.6],["POCA",0.25],["POCA",0.85],["POCA",0.65],["POCA",0.9],["POCA",0.75],["POCA",0.15],["POCA",0.55],["POCA",0.2],["POCA",0.95],["POCA",0.5],["POCA",0.3],["POCA",0.8],["POCA",0.45]],"Question":"The one marked with a 100 is 100 blocks high. How high is the one marked with a ?. Type your answer below.","Domain":[0,500]}],"6":[{"type":"POUA","proportionOrder":[0.8,0.5,0.45,0.2,0.3,0.15,0.95,0.9,0.55,0.85,0.75,0.6,0.65,0.4,0.25,0.05,0.35,0.1,0.7],"sizes":[[215,172,0],[258,129,1],[215,96,0],[242,48,1],[182,54,1],[186,27,1],[216,205,1],[181,162,1],[192,105,1],[243,206,1],[264,198,1],[223,133,0],[253,164,1],[260,104,0],[237,59,1],[204,10,1],[204,71,1],[260,26,0],[250,175,0]],"answerType":"text","answerName":[["POUA",0.8],["POUA",0.5],["POUA",0.45],["POUA",0.2],["POUA",0.3],["POUA",0.15],["POUA",0.95],["POUA",0.9],["POUA",0.55],["POUA",0.85],["POUA",0.75],["POUA",0.6],["POUA",0.65],["POUA",0.4],["POUA",0.25],["POUA",0.05],["POUA",0.35],["POUA",0.1],["POUA",0.7]],"Question":"The one marked with a 100 is 100 blocks high. How high is the one marked with a ?. Type your answer below.","Domain":[0,300]},{"type":"Angle","proportionOrder":[0.35,0.7,0.25,0.1,0.65,0.05,0.75,0.4,0.55,0.6,0.95,0.85,0.3,0.9,0.45,0.15,0.8,0.2,0.5],"sizes":[[146,51,1,282,356],[75,52,1,303,217],[118,29,0,97,239],[87,8,0,169,88],[73,47,1,254,175],[114,5,0,23,168],[98,73,0,139,177],[144,57,0,147,19],[124,68,1,199,80],[130,78,0,339,99],[129,122,1,279,6],[111,94,1,303,142],[95,28,0,235,152],[92,82,1,133,104],[98,44,1,348,149],[109,16,0,345,202],[103,82,0,30,4],[93,18,0,193,123],[99,49,1,332,0]],"answerType":"text","answerName":[["Angle",0.35],["Angle",0.7],["Angle",0.25],["Angle",0.1],["Angle",0.65],["Angle",0.05],["Angle",0.75],["Angle",0.4],["Angle",0.55],["Angle",0.6],["Angle",0.95],["Angle",0.85],["Angle",0.3],["Angle",0.9],["Angle",0.45],["Angle",0.15],["Angle",0.8],["Angle",0.2],["Angle",0.5]],"Question":"The one marked with a 100 is 100 blocks wide. How wide is the one marked with a ?. Type your answer below.","Domain":[0,150]},{"type":"POCA","proportionOrder":[0.2,0.15,0.5,0.9,0.8,0.85,0.45,0.6,0.3,0.4,0.95,0.05,0.55,0.1,0.75,0.7,0.65,0.35,0.25],"sizes":[[386,77,0],[446,66,1],[264,132,1],[254,228,1],[433,346,1],[402,341,1],[369,166,1],[468,280,0],[449,134,0],[394,157,0],[320,304,0],[397,19,0],[354,194,1],[449,44,0],[306,229,1],[342,239,0],[487,316,0],[446,156,0],[333,83,0]],"answerType":"text","answerName":[["POCA",0.2],["POCA",0.15],["POCA",0.5],["POCA",0.9],["POCA",0.8],["POCA",0.85],["POCA",0.45],["POCA",0.6],["POCA",0.3],["POCA",0.4],["POCA",0.95],["POCA",0.05],["POCA",0.55],["POCA",0.1],["POCA",0.75],["POCA",0.7],["POCA",0.65],["POCA",0.35],["POCA",0.25]],"Question":"The one marked with a 100 is 100 blocks high. How high is the one marked with a ?. Type your answer below.","Domain":[0,500]},{"type":"Area","proportionOrder":[0.65,0.25,0.75,0.35,0.55,0.7,0.95,0.1,0.3,0.05,0.45,0.4,0.8,0.6,0.5,0.85,0.2,0.9,0.15],"sizes":[[111,89.49106100611391,0],[105,52.5,0],[131,113.44932789576146,1],[130,76.909037180295,0],[131,97.15220018095319,0],[116,97.05256307795275,1],[113,110.13877609634129,1],[122,38.57978745405423,1],[121,66.2744294581251,1],[127,28.398063314247327,1],[115,77.14434522374275,1],[110,69.57010852370435,1],[105,93.91485505499116,1],[126,97.59918032442691,1],[130,91.92388155425118,0],[119,109.71257904178538,1],[114,50.98234988699521,0],[103,97.71437969920292,0],[122,47.25039682373048,0]],"answerType":"text","answerName":[["Area",0.65],["Area",0.25],["Area",0.75],["Area",0.35],["Area",0.55],["Area",0.7],["Area",0.95],["Area",0.1],["Area",0.3],["Area",0.05],["Area",0.45],["Area",0.4],["Area",0.8],["Area",0.6],["Area",0.5],["Area",0.85],["Area",0.2],["Area",0.9],["Area",0.15]],"Question":"The one marked with a 100 is 100 blocks big. How big is the one marked with a ?. Type your answer below.","Domain":[0,132]},{"type":"Length","proportionOrder":[0.9,0.85,0.15,0.6,0.2,0.4,0.5,0.05,0.8,0.1,0.45,0.7,0.3,0.35,0.95,0.25,0.55,0.65,0.75],"sizes":[[425,382,0,38,107],[448,380,0,43,61],[336,50,0,163,427],[473,283,1,14,169],[372,74,0,89,322],[340,136,0,127,214],[316,158,1,117,39],[339,16,1,117,410],[446,356,1,31,121],[251,25,1,150,315],[476,214,0,20,186],[482,337,0,10,28],[475,142,1,18,240],[287,100,0,101,64],[265,251,1,44,153],[432,108,0,21,143],[407,223,1,35,66],[389,252,0,54,242],[391,293,0,72,181]],"answerType":"text","answerName":[["Length",0.9],["Length",0.85],["Length",0.15],["Length",0.6],["Length",0.2],["Length",0.4],["Length",0.5],["Length",0.05],["Length",0.8],["Length",0.1],["Length",0.45],["Length",0.7],["Length",0.3],["Length",0.35],["Length",0.95],["Length",0.25],["Length",0.55],["Length",0.65],["Length",0.75]],"Question":"The one marked with a 100 is 100 blocks long. How long is the one marked with a ?. Type your answer below.","Domain":[0,500]}],"7":[{"type":"POCA","proportionOrder":[0.55,0.75,0.95,0.65,0.3,0.25,0.45,0.35,0.8,0.7,0.5,0.1,0.2,0.05,0.15,0.4,0.9,0.6,0.85],"sizes":[[354,194,1],[306,229,1],[320,304,0],[487,316,0],[449,134,0],[333,83,0],[369,166,1],[446,156,0],[433,346,1],[342,239,0],[264,132,1],[449,44,0],[386,77,0],[397,19,0],[446,66,1],[394,157,0],[254,228,1],[468,280,0],[402,341,1]],"answerType":"text","answerName":[["POCA",0.55],["POCA",0.75],["POCA",0.95],["POCA",0.65],["POCA",0.3],["POCA",0.25],["POCA",0.45],["POCA",0.35],["POCA",0.8],["POCA",0.7],["POCA",0.5],["POCA",0.1],["POCA",0.2],["POCA",0.05],["POCA",0.15],["POCA",0.4],["POCA",0.9],["POCA",0.6],["POCA",0.85]],"Question":"The one marked with a 100 is 100 blocks high. How high is the one marked with a ?. Type your answer below.","Domain":[0,500]},{"type":"Length","proportionOrder":[0.6,0.4,0.85,0.05,0.9,0.1,0.15,0.7,0.2,0.35,0.5,0.25,0.8,0.65,0.45,0.75,0.3,0.55,0.95],"sizes":[[473,283,1,14,169],[340,136,0,127,214],[448,380,0,43,61],[339,16,1,117,410],[425,382,0,38,107],[251,25,1,150,315],[336,50,0,163,427],[482,337,0,10,28],[372,74,0,89,322],[287,100,0,101,64],[316,158,1,117,39],[432,108,0,21,143],[446,356,1,31,121],[389,252,0,54,242],[476,214,0,20,186],[391,293,0,72,181],[475,142,1,18,240],[407,223,1,35,66],[265,251,1,44,153]],"answerType":"text","answerName":[["Length",0.6],["Length",0.4],["Length",0.85],["Length",0.05],["Length",0.9],["Length",0.1],["Length",0.15],["Length",0.7],["Length",0.2],["Length",0.35],["Length",0.5],["Length",0.25],["Length",0.8],["Length",0.65],["Length",0.45],["Length",0.75],["Length",0.3],["Length",0.55],["Length",0.95]],"Question":"The one marked with a 100 is 100 blocks long. How long is the one marked with a ?. Type your answer below.","Domain":[0,500]},{"type":"POUA","proportionOrder":[0.3,0.95,0.45,0.55,0.8,0.75,0.5,0.65,0.2,0.25,0.15,0.35,0.9,0.7,0.85,0.1,0.6,0.05,0.4],"sizes":[[182,54,1],[216,205,1],[215,96,0],[192,105,1],[215,172,0],[264,198,1],[258,129,1],[253,164,1],[242,48,1],[237,59,1],[186,27,1],[204,71,1],[181,162,1],[250,175,0],[243,206,1],[260,26,0],[223,133,0],[204,10,1],[260,104,0]],"answerType":"text","answerName":[["POUA",0.3],["POUA",0.95],["POUA",0.45],["POUA",0.55],["POUA",0.8],["POUA",0.75],["POUA",0.5],["POUA",0.65],["POUA",0.2],["POUA",0.25],["POUA",0.15],["POUA",0.35],["POUA",0.9],["POUA",0.7],["POUA",0.85],["POUA",0.1],["POUA",0.6],["POUA",0.05],["POUA",0.4]],"Question":"The one marked with a 100 is 100 blocks high. How high is the one marked with a ?. Type your answer below.","Domain":[0,300]},{"type":"Area","proportionOrder":[0.05,0.1,0.4,0.7,0.6,0.35,0.85,0.25,0.9,0.65,0.15,0.75,0.2,0.55,0.5,0.95,0.8,0.3,0.45],"sizes":[[127,28.398063314247327,1],[122,38.57978745405423,1],[110,69.57010852370435,1],[116,97.05256307795275,1],[126,97.59918032442691,1],[130,76.909037180295,0],[119,109.71257904178538,1],[105,52.5,0],[103,97.71437969920292,0],[111,89.49106100611391,0],[122,47.25039682373048,0],[131,113.44932789576146,1],[114,50.98234988699521,0],[131,97.15220018095319,0],[130,91.92388155425118,0],[113,110.13877609634129,1],[105,93.91485505499116,1],[121,66.2744294581251,1],[115,77.14434522374275,1]],"answerType":"text","answerName":[["Area",0.05],["Area",0.1],["Area",0.4],["Area",0.7],["Area",0.6],["Area",0.35],["Area",0.85],["Area",0.25],["Area",0.9],["Area",0.65],["Area",0.15],["Area",0.75],["Area",0.2],["Area",0.55],["Area",0.5],["Area",0.95],["Area",0.8],["Area",0.3],["Area",0.45]],"Question":"The one marked with a 100 is 100 blocks big. How big is the one marked with a ?. Type your answer below.","Domain":[0,132]},{"type":"Angle","proportionOrder":[0.8,0.45,0.5,0.3,0.2,0.95,0.15,0.55,0.9,0.75,0.85,0.65,0.6,0.25,0.4,0.35,0.05,0.7,0.1],"sizes":[[103,82,0,30,4],[98,44,1,348,149],[99,49,1,332,0],[95,28,0,235,152],[93,18,0,193,123],[129,122,1,279,6],[109,16,0,345,202],[124,68,1,199,80],[92,82,1,133,104],[98,73,0,139,177],[111,94,1,303,142],[73,47,1,254,175],[130,78,0,339,99],[118,29,0,97,239],[144,57,0,147,19],[146,51,1,282,356],[114,5,0,23,168],[75,52,1,303,217],[87,8,0,169,88]],"answerType":"text","answerName":[["Angle",0.8],["Angle",0.45],["Angle",0.5],["Angle",0.3],["Angle",0.2],["Angle",0.95],["Angle",0.15],["Angle",0.55],["Angle",0.9],["Angle",0.75],["Angle",0.85],["Angle",0.65],["Angle",0.6],["Angle",0.25],["Angle",0.4],["Angle",0.35],["Angle",0.05],["Angle",0.7],["Angle",0.1]],"Question":"The one marked with a 100 is 100 blocks wide. How wide is the one marked with a ?. Type your answer below.","Domain":[0,150]}],"8":[{"type":"Area","proportionOrder":[0.7,0.35,0.1,0.25,0.05,0.65,0.4,0.75,0.6,0.55,0.85,0.95,0.9,0.3,0.15,0.45,0.2,0.8,0.5],"sizes":[[116,97.05256307795275,1],[130,76.909037180295,0],[122,38.57978745405423,1],[105,52.5,0],[127,28.398063314247327,1],[111,89.49106100611391,0],[110,69.57010852370435,1],[131,113.44932789576146,1],[126,97.59918032442691,1],[131,97.15220018095319,0],[119,109.71257904178538,1],[113,110.13877609634129,1],[103,97.71437969920292,0],[121,66.2744294581251,1],[122,47.25039682373048,0],[115,77.14434522374275,1],[114,50.98234988699521,0],[105,93.91485505499116,1],[130,91.92388155425118,0]],"answerType":"text","answerName":[["Area",0.7],["Area",0.35],["Area",0.1],["Area",0.25],["Area",0.05],["Area",0.65],["Area",0.4],["Area",0.75],["Area",0.6],["Area",0.55],["Area",0.85],["Area",0.95],["Area",0.9],["Area",0.3],["Area",0.15],["Area",0.45],["Area",0.2],["Area",0.8],["Area",0.5]],"Question":"The one marked with a 100 is 100 blocks big. How big is the one marked with a ?. Type your answer below.","Domain":[0,132]},{"type":"Length","proportionOrder":[0.2,0.5,0.15,0.8,0.9,0.45,0.85,0.3,0.6,0.95,0.4,0.55,0.05,0.75,0.1,0.65,0.7,0.25,0.35],"sizes":[[372,74,0,89,322],[316,158,1,117,39],[336,50,0,163,427],[446,356,1,31,121],[425,382,0,38,107],[476,214,0,20,186],[448,380,0,43,61],[475,142,1,18,240],[473,283,1,14,169],[265,251,1,44,153],[340,136,0,127,214],[407,223,1,35,66],[339,16,1,117,410],[391,293,0,72,181],[251,25,1,150,315],[389,252,0,54,242],[482,337,0,10,28],[432,108,0,21,143],[287,100,0,101,64]],"answerType":"text","answerName":[["Length",0.2],["Length",0.5],["Length",0.15],["Length",0.8],["Length",0.9],["Length",0.45],["Length",0.85],["Length",0.3],["Length",0.6],["Length",0.95],["Length",0.4],["Length",0.55],["Length",0.05],["Length",0.75],["Length",0.1],["Length",0.65],["Length",0.7],["Length",0.25],["Length",0.35]],"Question":"The one marked with a 100 is 100 blocks long. How long is the one marked with a ?. Type your answer below.","Domain":[0,500]},{"type":"Angle","proportionOrder":[0.25,0.65,0.35,0.75,0.7,0.55,0.1,0.95,0.05,0.3,0.4,0.45,0.6,0.8,0.85,0.5,0.9,0.2,0.15],"sizes":[[118,29,0,97,239],[73,47,1,254,175],[146,51,1,282,356],[98,73,0,139,177],[75,52,1,303,217],[124,68,1,199,80],[87,8,0,169,88],[129,122,1,279,6],[114,5,0,23,168],[95,28,0,235,152],[144,57,0,147,19],[98,44,1,348,149],[130,78,0,339,99],[103,82,0,30,4],[111,94,1,303,142],[99,49,1,332,0],[92,82,1,133,104],[93,18,0,193,123],[109,16,0,345,202]],"answerType":"text","answerName":[["Angle",0.25],["Angle",0.65],["Angle",0.35],["Angle",0.75],["Angle",0.7],["Angle",0.55],["Angle",0.1],["Angle",0.95],["Angle",0.05],["Angle",0.3],["Angle",0.4],["Angle",0.45],["Angle",0.6],["Angle",0.8],["Angle",0.85],["Angle",0.5],["Angle",0.9],["Angle",0.2],["Angle",0.15]],"Question":"The one marked with a 100 is 100 blocks wide. How wide is the one marked with a ?. Type your answer below.","Domain":[0,150]},{"type":"POCA","proportionOrder":[0.9,0.15,0.85,0.2,0.6,0.5,0.4,0.8,0.05,0.45,0.1,0.3,0.7,0.95,0.35,0.55,0.25,0.75,0.65],"sizes":[[254,228,1],[446,66,1],[402,341,1],[386,77,0],[468,280,0],[264,132,1],[394,157,0],[433,346,1],[397,19,0],[369,166,1],[449,44,0],[449,134,0],[342,239,0],[320,304,0],[446,156,0],[354,194,1],[333,83,0],[306,229,1],[487,316,0]],"answerType":"text","answerName":[["POCA",0.9],["POCA",0.15],["POCA",0.85],["POCA",0.2],["POCA",0.6],["POCA",0.5],["POCA",0.4],["POCA",0.8],["POCA",0.05],["POCA",0.45],["POCA",0.1],["POCA",0.3],["POCA",0.7],["POCA",0.95],["POCA",0.35],["POCA",0.55],["POCA",0.25],["POCA",0.75],["POCA",0.65]],"Question":"The one marked with a 100 is 100 blocks high. How high is the one marked with a ?. Type your answer below.","Domain":[0,500]},{"type":"POUA","proportionOrder":[0.75,0.55,0.65,0.95,0.25,0.3,0.35,0.45,0.7,0.8,0.1,0.5,0.05,0.2,0.4,0.15,0.6,0.9,0.85],"sizes":[[264,198,1],[192,105,1],[253,164,1],[216,205,1],[237,59,1],[182,54,1],[204,71,1],[215,96,0],[250,175,0],[215,172,0],[260,26,0],[258,